4 0.10745531441978205 0.07999999999999999 0.12215972586669958 0.12137931034482757
1 0.4569678634272837 0.07724137931034482 0.39588800049393386 0.13241379310344825
1 0.17305961164449107 0.38758620689655177 0.18550180594572896 0.1296551724137931
1 0.41624795480505045 0.3848275862068965 0.21038619454820476 0.1351724137931034
1 0.6571740808199301 0.383448275862069 0.18550180594572907 0.13793103448275862
0 0.17305961164449107 0.6358620689655173 0.11763529157534036 0.14068965517241375
0 0.42642793196060874 0.6206896551724137 0.15383076590621428 0.16551724137931031
0 0.663960732256969 0.6331034482758621 0.1266841601580589 0.14068965517241366
2 0.12555305158521904 0.8634482758620688 0.09501312011854413 0.16551724137931031
2 0.2216972802766029 0.8524137931034482 0.08822646868150524 0.1434482758620689
2 0.3585614175902201 0.8455172413793105 0.0904886858271849 0.15172413793103445
2 0.47393449201988075 0.8482758620689655 0.10858642299262193 0.16275862068965524
0 0.6628296236841292 0.823448275862069 0.1470441144691754 0.15724137931034476
0 0.6650918408298088 0.6344827586206897 0.12894637730373845 0.1434482758620689
1 0.8449381039113387 0.26896551724137935 0.10858642299262186 0.12413793103448277
1 0.8415447781928194 0.4220689655172414 0.10632420584694216 0.16
1 0.8438069953384989 0.5655172413793104 0.11537307442966067 0.13241379310344825
1 0.8404136696199795 0.710344827586207 0.09953755440990335 0.1462068965517242
1 0.8472003210570185 0.8731034482758621 0.11311085728398113 0.16275862068965524
3 0.08030870867162658 0.16 0.12215972586669958 0.049655172413793115
3 0.11989750872101995 0.2082758620689655 0.17419072021733087 0.04689655172413794
